{
 "cells": [
  {
   "cell_type": "code",
   "execution_count": 43,
   "metadata": {},
   "outputs": [
    {
     "name": "stdout",
     "output_type": "stream",
     "text": [
      "[*********************100%%**********************]  1 of 1 completed\n",
      "[*********************100%%**********************]  1 of 1 completed\n",
      "[*********************100%%**********************]  1 of 1 completed\n",
      "[*********************100%%**********************]  1 of 1 completed\n",
      "[*********************100%%**********************]  1 of 1 completed\n",
      "[*********************100%%**********************]  1 of 1 completed\n",
      "[*********************100%%**********************]  1 of 1 completed\n",
      "[*********************100%%**********************]  1 of 1 completed\n",
      "[*********************100%%**********************]  1 of 1 completed\n",
      "[*********************100%%**********************]  1 of 1 completed\n",
      "[*********************100%%**********************]  1 of 1 completed\n",
      "[*********************100%%**********************]  1 of 1 completed\n",
      "[*********************100%%**********************]  1 of 1 completed\n",
      "[*********************100%%**********************]  1 of 1 completed\n",
      "[*********************100%%**********************]  1 of 1 completed\n",
      "(252, 15)\n"
     ]
    },
    {
     "data": {
      "text/html": [
       "<div>\n",
       "<style scoped>\n",
       "    .dataframe tbody tr th:only-of-type {\n",
       "        vertical-align: middle;\n",
       "    }\n",
       "\n",
       "    .dataframe tbody tr th {\n",
       "        vertical-align: top;\n",
       "    }\n",
       "\n",
       "    .dataframe thead th {\n",
       "        text-align: right;\n",
       "    }\n",
       "</style>\n",
       "<table border=\"1\" class=\"dataframe\">\n",
       "  <thead>\n",
       "    <tr style=\"text-align: right;\">\n",
       "      <th></th>\n",
       "      <th>DPZ</th>\n",
       "      <th>AAPL</th>\n",
       "      <th>GOOG</th>\n",
       "      <th>AMD</th>\n",
       "      <th>GME</th>\n",
       "      <th>SPY</th>\n",
       "      <th>NFLX</th>\n",
       "      <th>BA</th>\n",
       "      <th>WMT</th>\n",
       "      <th>GS</th>\n",
       "      <th>XOM</th>\n",
       "      <th>NKE</th>\n",
       "      <th>META</th>\n",
       "      <th>BRK-B</th>\n",
       "      <th>MSFT</th>\n",
       "    </tr>\n",
       "    <tr>\n",
       "      <th>Date</th>\n",
       "      <th></th>\n",
       "      <th></th>\n",
       "      <th></th>\n",
       "      <th></th>\n",
       "      <th></th>\n",
       "      <th></th>\n",
       "      <th></th>\n",
       "      <th></th>\n",
       "      <th></th>\n",
       "      <th></th>\n",
       "      <th></th>\n",
       "      <th></th>\n",
       "      <th></th>\n",
       "      <th></th>\n",
       "      <th></th>\n",
       "    </tr>\n",
       "  </thead>\n",
       "  <tbody>\n",
       "    <tr>\n",
       "      <th>2021-10-20</th>\n",
       "      <td>446.019135</td>\n",
       "      <td>147.358780</td>\n",
       "      <td>142.414993</td>\n",
       "      <td>116.389999</td>\n",
       "      <td>46.130001</td>\n",
       "      <td>436.987396</td>\n",
       "      <td>625.140015</td>\n",
       "      <td>216.169998</td>\n",
       "      <td>141.013214</td>\n",
       "      <td>383.174835</td>\n",
       "      <td>58.598625</td>\n",
       "      <td>154.487564</td>\n",
       "      <td>340.779999</td>\n",
       "      <td>287.489990</td>\n",
       "      <td>301.328278</td>\n",
       "    </tr>\n",
       "    <tr>\n",
       "      <th>2021-10-21</th>\n",
       "      <td>455.142212</td>\n",
       "      <td>147.575974</td>\n",
       "      <td>142.780502</td>\n",
       "      <td>119.330002</td>\n",
       "      <td>45.427502</td>\n",
       "      <td>438.127167</td>\n",
       "      <td>653.159973</td>\n",
       "      <td>214.339996</td>\n",
       "      <td>141.795578</td>\n",
       "      <td>382.893005</td>\n",
       "      <td>57.534027</td>\n",
       "      <td>158.124252</td>\n",
       "      <td>341.880005</td>\n",
       "      <td>286.820007</td>\n",
       "      <td>304.611969</td>\n",
       "    </tr>\n",
       "    <tr>\n",
       "      <th>2021-10-22</th>\n",
       "      <td>451.611603</td>\n",
       "      <td>146.796051</td>\n",
       "      <td>138.625000</td>\n",
       "      <td>119.820000</td>\n",
       "      <td>42.450001</td>\n",
       "      <td>437.673187</td>\n",
       "      <td>664.780029</td>\n",
       "      <td>212.970001</td>\n",
       "      <td>143.273315</td>\n",
       "      <td>389.215240</td>\n",
       "      <td>57.928665</td>\n",
       "      <td>159.391769</td>\n",
       "      <td>324.609985</td>\n",
       "      <td>289.239990</td>\n",
       "      <td>303.043610</td>\n",
       "    </tr>\n",
       "    <tr>\n",
       "      <th>2021-10-25</th>\n",
       "      <td>453.469360</td>\n",
       "      <td>146.746704</td>\n",
       "      <td>138.772995</td>\n",
       "      <td>122.360001</td>\n",
       "      <td>43.492500</td>\n",
       "      <td>440.020355</td>\n",
       "      <td>671.659973</td>\n",
       "      <td>212.869995</td>\n",
       "      <td>144.934555</td>\n",
       "      <td>389.619141</td>\n",
       "      <td>59.057499</td>\n",
       "      <td>160.113251</td>\n",
       "      <td>328.690002</td>\n",
       "      <td>290.260010</td>\n",
       "      <td>302.033997</td>\n",
       "    </tr>\n",
       "    <tr>\n",
       "      <th>2021-10-26</th>\n",
       "      <td>453.021942</td>\n",
       "      <td>147.418045</td>\n",
       "      <td>139.671997</td>\n",
       "      <td>122.930000</td>\n",
       "      <td>44.459999</td>\n",
       "      <td>440.416351</td>\n",
       "      <td>668.520020</td>\n",
       "      <td>209.809998</td>\n",
       "      <td>143.669296</td>\n",
       "      <td>392.305878</td>\n",
       "      <td>60.424950</td>\n",
       "      <td>159.694000</td>\n",
       "      <td>315.809998</td>\n",
       "      <td>290.850006</td>\n",
       "      <td>303.974792</td>\n",
       "    </tr>\n",
       "  </tbody>\n",
       "</table>\n",
       "</div>"
      ],
      "text/plain": [
       "                   DPZ        AAPL        GOOG         AMD        GME  \\\n",
       "Date                                                                    \n",
       "2021-10-20  446.019135  147.358780  142.414993  116.389999  46.130001   \n",
       "2021-10-21  455.142212  147.575974  142.780502  119.330002  45.427502   \n",
       "2021-10-22  451.611603  146.796051  138.625000  119.820000  42.450001   \n",
       "2021-10-25  453.469360  146.746704  138.772995  122.360001  43.492500   \n",
       "2021-10-26  453.021942  147.418045  139.671997  122.930000  44.459999   \n",
       "\n",
       "                   SPY        NFLX          BA         WMT          GS  \\\n",
       "Date                                                                     \n",
       "2021-10-20  436.987396  625.140015  216.169998  141.013214  383.174835   \n",
       "2021-10-21  438.127167  653.159973  214.339996  141.795578  382.893005   \n",
       "2021-10-22  437.673187  664.780029  212.970001  143.273315  389.215240   \n",
       "2021-10-25  440.020355  671.659973  212.869995  144.934555  389.619141   \n",
       "2021-10-26  440.416351  668.520020  209.809998  143.669296  392.305878   \n",
       "\n",
       "                  XOM         NKE        META       BRK-B        MSFT  \n",
       "Date                                                                   \n",
       "2021-10-20  58.598625  154.487564  340.779999  287.489990  301.328278  \n",
       "2021-10-21  57.534027  158.124252  341.880005  286.820007  304.611969  \n",
       "2021-10-22  57.928665  159.391769  324.609985  289.239990  303.043610  \n",
       "2021-10-25  59.057499  160.113251  328.690002  290.260010  302.033997  \n",
       "2021-10-26  60.424950  159.694000  315.809998  290.850006  303.974792  "
      ]
     },
     "execution_count": 43,
     "metadata": {},
     "output_type": "execute_result"
    }
   ],
   "source": [
    "import pandas as pd\n",
    "import pandas_datareader as pdr\n",
    "from datetime import datetime\n",
    "import yfinance as yf\n",
    "\n",
    "def get_historical_Data(tickers):\n",
    "    data = pd.DataFrame()\n",
    "    names = list()\n",
    "    for i in tickers:\n",
    "        data = pd.concat([data, pd.DataFrame(yf.download(i, start=datetime(2020, 10, 27), end=datetime(2021, 10, 27)).iloc[:,4])], axis = 1)\n",
    "        names.append(i)\n",
    "    data.columns = names\n",
    "    return data\n",
    "\n",
    "ticks = [\"DPZ\", \"AAPL\", \"GOOG\", \"AMD\", \"GME\", \"SPY\", \"NFLX\", \"BA\", \"WMT\",\"GS\",\"XOM\",\"NKE\", \"META\",\"BRK-B\", \"MSFT\"] \n",
    "d = get_historical_Data(ticks)\n",
    "print(d.shape)\n",
    "d.tail()"
   ]
  },
  {
   "cell_type": "code",
   "execution_count": 44,
   "metadata": {},
   "outputs": [
    {
     "data": {
      "text/html": [
       "<div>\n",
       "<style scoped>\n",
       "    .dataframe tbody tr th:only-of-type {\n",
       "        vertical-align: middle;\n",
       "    }\n",
       "\n",
       "    .dataframe tbody tr th {\n",
       "        vertical-align: top;\n",
       "    }\n",
       "\n",
       "    .dataframe thead th {\n",
       "        text-align: right;\n",
       "    }\n",
       "</style>\n",
       "<table border=\"1\" class=\"dataframe\">\n",
       "  <thead>\n",
       "    <tr style=\"text-align: right;\">\n",
       "      <th></th>\n",
       "      <th>DPZ</th>\n",
       "      <th>AAPL</th>\n",
       "      <th>GOOG</th>\n",
       "      <th>AMD</th>\n",
       "      <th>GME</th>\n",
       "      <th>SPY</th>\n",
       "      <th>NFLX</th>\n",
       "      <th>BA</th>\n",
       "      <th>WMT</th>\n",
       "      <th>GS</th>\n",
       "      <th>XOM</th>\n",
       "      <th>NKE</th>\n",
       "      <th>META</th>\n",
       "      <th>BRK-B</th>\n",
       "      <th>MSFT</th>\n",
       "    </tr>\n",
       "  </thead>\n",
       "  <tbody>\n",
       "    <tr>\n",
       "      <th>DPZ</th>\n",
       "      <td>1.000000</td>\n",
       "      <td>0.818148</td>\n",
       "      <td>0.874797</td>\n",
       "      <td>0.665388</td>\n",
       "      <td>0.469130</td>\n",
       "      <td>0.834557</td>\n",
       "      <td>0.372663</td>\n",
       "      <td>0.080836</td>\n",
       "      <td>0.407598</td>\n",
       "      <td>0.724772</td>\n",
       "      <td>0.497005</td>\n",
       "      <td>0.812071</td>\n",
       "      <td>0.938272</td>\n",
       "      <td>0.715105</td>\n",
       "      <td>0.872942</td>\n",
       "    </tr>\n",
       "    <tr>\n",
       "      <th>AAPL</th>\n",
       "      <td>0.818148</td>\n",
       "      <td>1.000000</td>\n",
       "      <td>0.817185</td>\n",
       "      <td>0.788684</td>\n",
       "      <td>0.430274</td>\n",
       "      <td>0.832325</td>\n",
       "      <td>0.659199</td>\n",
       "      <td>0.095350</td>\n",
       "      <td>0.373089</td>\n",
       "      <td>0.729216</td>\n",
       "      <td>0.498231</td>\n",
       "      <td>0.862453</td>\n",
       "      <td>0.761094</td>\n",
       "      <td>0.608197</td>\n",
       "      <td>0.886737</td>\n",
       "    </tr>\n",
       "    <tr>\n",
       "      <th>GOOG</th>\n",
       "      <td>0.874797</td>\n",
       "      <td>0.817185</td>\n",
       "      <td>1.000000</td>\n",
       "      <td>0.572945</td>\n",
       "      <td>0.717871</td>\n",
       "      <td>0.978253</td>\n",
       "      <td>0.542024</td>\n",
       "      <td>0.332867</td>\n",
       "      <td>0.120376</td>\n",
       "      <td>0.933673</td>\n",
       "      <td>0.794650</td>\n",
       "      <td>0.729426</td>\n",
       "      <td>0.919678</td>\n",
       "      <td>0.901955</td>\n",
       "      <td>0.974893</td>\n",
       "    </tr>\n",
       "    <tr>\n",
       "      <th>AMD</th>\n",
       "      <td>0.665388</td>\n",
       "      <td>0.788684</td>\n",
       "      <td>0.572945</td>\n",
       "      <td>1.000000</td>\n",
       "      <td>0.076881</td>\n",
       "      <td>0.555607</td>\n",
       "      <td>0.697511</td>\n",
       "      <td>-0.128145</td>\n",
       "      <td>0.555587</td>\n",
       "      <td>0.447324</td>\n",
       "      <td>0.182714</td>\n",
       "      <td>0.814614</td>\n",
       "      <td>0.522507</td>\n",
       "      <td>0.288319</td>\n",
       "      <td>0.681377</td>\n",
       "    </tr>\n",
       "    <tr>\n",
       "      <th>GME</th>\n",
       "      <td>0.469130</td>\n",
       "      <td>0.430274</td>\n",
       "      <td>0.717871</td>\n",
       "      <td>0.076881</td>\n",
       "      <td>1.000000</td>\n",
       "      <td>0.737520</td>\n",
       "      <td>0.240664</td>\n",
       "      <td>0.562551</td>\n",
       "      <td>-0.303936</td>\n",
       "      <td>0.803210</td>\n",
       "      <td>0.823951</td>\n",
       "      <td>0.303382</td>\n",
       "      <td>0.631324</td>\n",
       "      <td>0.800656</td>\n",
       "      <td>0.647865</td>\n",
       "    </tr>\n",
       "    <tr>\n",
       "      <th>SPY</th>\n",
       "      <td>0.834557</td>\n",
       "      <td>0.832325</td>\n",
       "      <td>0.978253</td>\n",
       "      <td>0.555607</td>\n",
       "      <td>0.737520</td>\n",
       "      <td>1.000000</td>\n",
       "      <td>0.532301</td>\n",
       "      <td>0.442483</td>\n",
       "      <td>0.118445</td>\n",
       "      <td>0.964367</td>\n",
       "      <td>0.844584</td>\n",
       "      <td>0.731238</td>\n",
       "      <td>0.887417</td>\n",
       "      <td>0.932636</td>\n",
       "      <td>0.955292</td>\n",
       "    </tr>\n",
       "    <tr>\n",
       "      <th>NFLX</th>\n",
       "      <td>0.372663</td>\n",
       "      <td>0.659199</td>\n",
       "      <td>0.542024</td>\n",
       "      <td>0.697511</td>\n",
       "      <td>0.240664</td>\n",
       "      <td>0.532301</td>\n",
       "      <td>1.000000</td>\n",
       "      <td>-0.031222</td>\n",
       "      <td>0.105738</td>\n",
       "      <td>0.480084</td>\n",
       "      <td>0.369577</td>\n",
       "      <td>0.502257</td>\n",
       "      <td>0.347908</td>\n",
       "      <td>0.301593</td>\n",
       "      <td>0.651469</td>\n",
       "    </tr>\n",
       "    <tr>\n",
       "      <th>BA</th>\n",
       "      <td>0.080836</td>\n",
       "      <td>0.095350</td>\n",
       "      <td>0.332867</td>\n",
       "      <td>-0.128145</td>\n",
       "      <td>0.562551</td>\n",
       "      <td>0.442483</td>\n",
       "      <td>-0.031222</td>\n",
       "      <td>1.000000</td>\n",
       "      <td>-0.313237</td>\n",
       "      <td>0.510482</td>\n",
       "      <td>0.671750</td>\n",
       "      <td>0.079400</td>\n",
       "      <td>0.260697</td>\n",
       "      <td>0.568068</td>\n",
       "      <td>0.229572</td>\n",
       "    </tr>\n",
       "    <tr>\n",
       "      <th>WMT</th>\n",
       "      <td>0.407598</td>\n",
       "      <td>0.373089</td>\n",
       "      <td>0.120376</td>\n",
       "      <td>0.555587</td>\n",
       "      <td>-0.303936</td>\n",
       "      <td>0.118445</td>\n",
       "      <td>0.105738</td>\n",
       "      <td>-0.313237</td>\n",
       "      <td>1.000000</td>\n",
       "      <td>-0.044592</td>\n",
       "      <td>-0.326004</td>\n",
       "      <td>0.399258</td>\n",
       "      <td>0.280621</td>\n",
       "      <td>-0.007303</td>\n",
       "      <td>0.187105</td>\n",
       "    </tr>\n",
       "    <tr>\n",
       "      <th>GS</th>\n",
       "      <td>0.724772</td>\n",
       "      <td>0.729216</td>\n",
       "      <td>0.933673</td>\n",
       "      <td>0.447324</td>\n",
       "      <td>0.803210</td>\n",
       "      <td>0.964367</td>\n",
       "      <td>0.480084</td>\n",
       "      <td>0.510482</td>\n",
       "      <td>-0.044592</td>\n",
       "      <td>1.000000</td>\n",
       "      <td>0.914136</td>\n",
       "      <td>0.654955</td>\n",
       "      <td>0.797057</td>\n",
       "      <td>0.943553</td>\n",
       "      <td>0.886291</td>\n",
       "    </tr>\n",
       "    <tr>\n",
       "      <th>XOM</th>\n",
       "      <td>0.497005</td>\n",
       "      <td>0.498231</td>\n",
       "      <td>0.794650</td>\n",
       "      <td>0.182714</td>\n",
       "      <td>0.823951</td>\n",
       "      <td>0.844584</td>\n",
       "      <td>0.369577</td>\n",
       "      <td>0.671750</td>\n",
       "      <td>-0.326004</td>\n",
       "      <td>0.914136</td>\n",
       "      <td>1.000000</td>\n",
       "      <td>0.409913</td>\n",
       "      <td>0.610823</td>\n",
       "      <td>0.902656</td>\n",
       "      <td>0.713838</td>\n",
       "    </tr>\n",
       "    <tr>\n",
       "      <th>NKE</th>\n",
       "      <td>0.812071</td>\n",
       "      <td>0.862453</td>\n",
       "      <td>0.729426</td>\n",
       "      <td>0.814614</td>\n",
       "      <td>0.303382</td>\n",
       "      <td>0.731238</td>\n",
       "      <td>0.502257</td>\n",
       "      <td>0.079400</td>\n",
       "      <td>0.399258</td>\n",
       "      <td>0.654955</td>\n",
       "      <td>0.409913</td>\n",
       "      <td>1.000000</td>\n",
       "      <td>0.713132</td>\n",
       "      <td>0.526100</td>\n",
       "      <td>0.791593</td>\n",
       "    </tr>\n",
       "    <tr>\n",
       "      <th>META</th>\n",
       "      <td>0.938272</td>\n",
       "      <td>0.761094</td>\n",
       "      <td>0.919678</td>\n",
       "      <td>0.522507</td>\n",
       "      <td>0.631324</td>\n",
       "      <td>0.887417</td>\n",
       "      <td>0.347908</td>\n",
       "      <td>0.260697</td>\n",
       "      <td>0.280621</td>\n",
       "      <td>0.797057</td>\n",
       "      <td>0.610823</td>\n",
       "      <td>0.713132</td>\n",
       "      <td>1.000000</td>\n",
       "      <td>0.814722</td>\n",
       "      <td>0.886250</td>\n",
       "    </tr>\n",
       "    <tr>\n",
       "      <th>BRK-B</th>\n",
       "      <td>0.715105</td>\n",
       "      <td>0.608197</td>\n",
       "      <td>0.901955</td>\n",
       "      <td>0.288319</td>\n",
       "      <td>0.800656</td>\n",
       "      <td>0.932636</td>\n",
       "      <td>0.301593</td>\n",
       "      <td>0.568068</td>\n",
       "      <td>-0.007303</td>\n",
       "      <td>0.943553</td>\n",
       "      <td>0.902656</td>\n",
       "      <td>0.526100</td>\n",
       "      <td>0.814722</td>\n",
       "      <td>1.000000</td>\n",
       "      <td>0.819854</td>\n",
       "    </tr>\n",
       "    <tr>\n",
       "      <th>MSFT</th>\n",
       "      <td>0.872942</td>\n",
       "      <td>0.886737</td>\n",
       "      <td>0.974893</td>\n",
       "      <td>0.681377</td>\n",
       "      <td>0.647865</td>\n",
       "      <td>0.955292</td>\n",
       "      <td>0.651469</td>\n",
       "      <td>0.229572</td>\n",
       "      <td>0.187105</td>\n",
       "      <td>0.886291</td>\n",
       "      <td>0.713838</td>\n",
       "      <td>0.791593</td>\n",
       "      <td>0.886250</td>\n",
       "      <td>0.819854</td>\n",
       "      <td>1.000000</td>\n",
       "    </tr>\n",
       "  </tbody>\n",
       "</table>\n",
       "</div>"
      ],
      "text/plain": [
       "            DPZ      AAPL      GOOG       AMD       GME       SPY      NFLX  \\\n",
       "DPZ    1.000000  0.818148  0.874797  0.665388  0.469130  0.834557  0.372663   \n",
       "AAPL   0.818148  1.000000  0.817185  0.788684  0.430274  0.832325  0.659199   \n",
       "GOOG   0.874797  0.817185  1.000000  0.572945  0.717871  0.978253  0.542024   \n",
       "AMD    0.665388  0.788684  0.572945  1.000000  0.076881  0.555607  0.697511   \n",
       "GME    0.469130  0.430274  0.717871  0.076881  1.000000  0.737520  0.240664   \n",
       "SPY    0.834557  0.832325  0.978253  0.555607  0.737520  1.000000  0.532301   \n",
       "NFLX   0.372663  0.659199  0.542024  0.697511  0.240664  0.532301  1.000000   \n",
       "BA     0.080836  0.095350  0.332867 -0.128145  0.562551  0.442483 -0.031222   \n",
       "WMT    0.407598  0.373089  0.120376  0.555587 -0.303936  0.118445  0.105738   \n",
       "GS     0.724772  0.729216  0.933673  0.447324  0.803210  0.964367  0.480084   \n",
       "XOM    0.497005  0.498231  0.794650  0.182714  0.823951  0.844584  0.369577   \n",
       "NKE    0.812071  0.862453  0.729426  0.814614  0.303382  0.731238  0.502257   \n",
       "META   0.938272  0.761094  0.919678  0.522507  0.631324  0.887417  0.347908   \n",
       "BRK-B  0.715105  0.608197  0.901955  0.288319  0.800656  0.932636  0.301593   \n",
       "MSFT   0.872942  0.886737  0.974893  0.681377  0.647865  0.955292  0.651469   \n",
       "\n",
       "             BA       WMT        GS       XOM       NKE      META     BRK-B  \\\n",
       "DPZ    0.080836  0.407598  0.724772  0.497005  0.812071  0.938272  0.715105   \n",
       "AAPL   0.095350  0.373089  0.729216  0.498231  0.862453  0.761094  0.608197   \n",
       "GOOG   0.332867  0.120376  0.933673  0.794650  0.729426  0.919678  0.901955   \n",
       "AMD   -0.128145  0.555587  0.447324  0.182714  0.814614  0.522507  0.288319   \n",
       "GME    0.562551 -0.303936  0.803210  0.823951  0.303382  0.631324  0.800656   \n",
       "SPY    0.442483  0.118445  0.964367  0.844584  0.731238  0.887417  0.932636   \n",
       "NFLX  -0.031222  0.105738  0.480084  0.369577  0.502257  0.347908  0.301593   \n",
       "BA     1.000000 -0.313237  0.510482  0.671750  0.079400  0.260697  0.568068   \n",
       "WMT   -0.313237  1.000000 -0.044592 -0.326004  0.399258  0.280621 -0.007303   \n",
       "GS     0.510482 -0.044592  1.000000  0.914136  0.654955  0.797057  0.943553   \n",
       "XOM    0.671750 -0.326004  0.914136  1.000000  0.409913  0.610823  0.902656   \n",
       "NKE    0.079400  0.399258  0.654955  0.409913  1.000000  0.713132  0.526100   \n",
       "META   0.260697  0.280621  0.797057  0.610823  0.713132  1.000000  0.814722   \n",
       "BRK-B  0.568068 -0.007303  0.943553  0.902656  0.526100  0.814722  1.000000   \n",
       "MSFT   0.229572  0.187105  0.886291  0.713838  0.791593  0.886250  0.819854   \n",
       "\n",
       "           MSFT  \n",
       "DPZ    0.872942  \n",
       "AAPL   0.886737  \n",
       "GOOG   0.974893  \n",
       "AMD    0.681377  \n",
       "GME    0.647865  \n",
       "SPY    0.955292  \n",
       "NFLX   0.651469  \n",
       "BA     0.229572  \n",
       "WMT    0.187105  \n",
       "GS     0.886291  \n",
       "XOM    0.713838  \n",
       "NKE    0.791593  \n",
       "META   0.886250  \n",
       "BRK-B  0.819854  \n",
       "MSFT   1.000000  "
      ]
     },
     "execution_count": 44,
     "metadata": {},
     "output_type": "execute_result"
    }
   ],
   "source": [
    "corr_matrix = d.corr()\n",
    "corr_matrix"
   ]
  },
  {
   "cell_type": "code",
   "execution_count": 45,
   "metadata": {},
   "outputs": [
    {
     "data": {
      "text/plain": [
       "<Axes: >"
      ]
     },
     "execution_count": 45,
     "metadata": {},
     "output_type": "execute_result"
    },
    {
     "data": {
